106.4
111.93777465026201
118.98127939647506
124.85142262401662
130.24283440817766
135.24991768845172
139.89704391157082
144.20202865831072
148.1822979066869
151.85493642431643
155.23635330136761
158.3420770915315
161.18666023626204
163.783648734517
166.1455893428593
168.28405841911612
170.20970331555557
171.9322908704087
173.46075983568502
174.80327519902443
175.9672832936745
176.95956693110304
177.78630021329545
178.45310267606354
178.96509269091953
179.32693996613796
179.54291718226602
179.61695042616344
179.55266859003814
179.35345136043009
179.0224757423667
178.56276070414395
177.9772099534965
177.26865219790105
176.43987863643767
175.49367747778427
174.43286460392613
173.26031045178541
171.97896212744212
170.5918605882237
169.10215264760566
167.51309620621177
165.8280600145313
164.0505160510793
162.184024225321
160.23220996117115
158.19873257863222
156.08724566650574
153.90134659151127
151.64451583922192
149.3200449026472
146.93094962323877
144.47986763765763
141.9689374768081
139.3996530920905
136.7726890787482
134.08768735981695
131.3429937656634
128.53532730592386
125.65935837847358
122.70716157902005
119.66749354739612
116.52482361030549
113.25801192025104
109.83848476464908
106.2277136035517
102.37388808735261
98.20928047919605
93.69855972410056
89.01281590723273
84.3663414164743
79.88860851489123
75.64388193898357
71.65773926961333
67.93451290825296
64.46752719912907
61.24480419632896
58.252138181549185
55.47470701776613
52.89789073241012
50.50766774435776
48.290788996081574
46.23483692053478
44.328225887319846
42.56017395680844
40.920661550186594
39.40038512891886
37.99071001713099
36.68362441943718
35.471695597791125
34.348028605002575
33.30622768193682
32.34036027964329
31.444923597495286
30.614813498208726
29.845295649278217
29.131978743343904
28.470789650288246
27.857950367949698
27.289956638056044
26.76355811761404
26.275739970764857
25.823705817439702
25.404861903465182
25.01680240175585
24.657295802100492
24.324272323317377
24.015812155896693
23.73013454846432
23.465587771972004
23.220639807733114
22.993869661317326
22.783959327856945
22.589686255607077
22.409916463224118
22.243598149943104
22.08975574537956
21.94748437124971
21.815944709308894
21.69435825346157
21.582002909365446
21.47820890845997
21.382355014262107
21.29386500396649
21.212204421340374
21.136877527386517
21.06742449247538
21.003418799925385
20.944464853797946
20.890195722300444
20.84027106720829
20.794375210813946
20.752215346243048
20.7135198840769
20.67803691634027
20.645532793059942
20.61579079097787
20.58860988860728
20.563803648889664
20.54119913028369
20.520635934030622
20.50196525651498
20.485049078514564
20.46975940765567
20.455977531673348
20.44359331775047
20.43250463332674
20.422616753808313
20.413841800289546
20.406098245151547
20.399310512249805
20.39340846725338
20.388327072342353
20.38400602377436
20.380389360034485
20.377425187338066
20.375065399409017
20.373265319314097
20.371983552886
20.371181686957254
20.370824082896373
20.37087772572709
20.37131194556979
20.372098339789865
20.373210540361523
20.374624092678005
20.376316335376842
20.37826621350793
20.380454235123604
20.38286229706386
20.38547361984336
20.38827260795359
20.391244907055842
20.394377089430684
20.397656735950317
20.40107234140553
20.404613153532484
20.408269304171665
20.412031651087215
20.41589168094993
