726.12
1278.0425219220638
2070.6144207755924
3012.540158395499
3968.816763659292
4821.283739578526
5498.560670765069
5975.314987099633
6258.263688362433
6371.496097811214
6345.788255506211
6212.200741459734
5998.836677506682
5729.565746371578
5423.834465176126
5097.007561524462
4760.921718398784
4424.482690160869
4094.224842628975
3774.7998020283576
3469.3866398146524
3180.027380398256
2907.8970247168663
2653.5179480028232
2416.928937479586
2197.8171287843525
1995.6205683883475
1809.6072699676693
1638.9356933878953
1482.7007607445719
1339.9683260870995
1209.800844792456
1091.2760135935416
983.5000691446538
885.6169415349145
796.8141748559465
716.3264900772393
643.4374399667482
577.4797459298508
517.834619393616
463.9303767844087
415.24051000140906
371.28146346468776
331.61023516580883
295.82179634515876
263.5465283759929
234.4477380719856
208.21912281312797
184.58241035692618
163.2851207055376
144.09838323845827
126.81493687825169
111.24727072108652
97.22585487564389
84.59753509607035
73.2240425248765
62.9806259373992
53.75480156953388
45.44521487741393
37.96061279337088
31.218928743270016
25.146493564595772
19.6774126126933
14.753227689456251
10.323253069184707
6.347203320489363
2.810781305704052
0.07295999182711599
-1.6074594143037064e-09
-3.575660816612264e-11
1.9863233146985092e-11
2.9265144165432337e-11
4.1320103066686765e-11
-3.0574793883762595e-11
-2.944235150719904e-11
1.1373856532352723e-08
-6.828028327724695e-10
2.045522134108218e-09
-3.722045776683087e-09
1.2193466084660466e-09
2.751129759433029e-10
-4.4631757980180726e-11
2.713174372183326e-12
9.299603317991896e-14
-1.3248197439470728e-15
6.945057119846109e-15
4.848426162977469e-16
-1.9943773747505026e-16
9.946911612043786e-16
-3.129208604262459e-16
-7.059707302640378e-16
1.155388491540475e-15
1.6673918846874503e-17
5.955343801491334e-16
2.5023651529893025e-16
6.25894280548715e-17
-6.785789801009423e-16
-2.9825693457811295e-16
-3.8001173477521174e-16
3.3988118443107223e-16
-1.3280244634697367e-15
-5.4522431661869365e-15
-6.247127081436808e-14
1.054523139972848e-14
-1.2368276154476554e-14
3.1129809448902448e-15
-6.403516499647359e-15
-2.8032074847432346e-15
1.8718167139130975e-15
-3.799608052539319e-16
-3.729267464484783e-16
2.423537142722828e-16
9.836636593482345e-16
3.535499128996902e-16
-1.0545355957021489e-16
-8.657151991880952e-17
-7.655495567938879e-16
2.3359950123331202e-15
-5.113667497467951e-15
1.126086567611733e-14
-2.3837956378708245e-14
4.8263582843266445e-14
-9.551273245468888e-14
1.8590635030707442e-13
-6.156445786599885e-14
1.8961204401076704e-12
-5.077065344070391e-12
-5.563729865037378e-13
1.7818613247576965e-12
-6.540190661370484e-13
-7.471443942446576e-13
4.835945104793908e-13
6.471271979906177e-14
-9.02799737390578e-14
-1.868628403773176e-14
4.4414918052888525e-14
6.02775918534247e-15
-3.0074736264625685e-14
-3.4726956556838296e-14
-1.6142940388731863e-13
4.070749739645222e-14
1.1926747572783605e-13
-4.913294467179872e-13
1.1485086634655253e-12
-4.5388175234990893e-13
-2.3396876330403457e-12
8.438128629805171e-12
4.800872920311307e-12
-4.83675069183676e-12
-1.7665350728980083e-13
1.2289671367680321e-12
7.993929151317087e-13
-2.2218929983919613e-13
-6.648627853458666e-13
1.031657359434783e-13
1.5538714194750243e-13
7.796795988929512e-13
1.1787214744727306e-12
4.724832390547408e-13
-3.687395342662594e-13
9.284123042211166e-13
3.945480380021744e-13
-2.5558116555124806e-12
6.626083959299119e-13
4.572117360933587e-12
-6.5739016303995885e-12
-5.889441522461956e-12
1.6370975161853252e-11
-8.565117920983897e-13
-3.304580457620321e-11
4.4521842401088966e-11
-6.89669311627484e-13
4.331494339744895e-14
-8.285614394523822e-15
7.478764448229408e-16
4.466764456398057e-15
3.767534899427595e-15
7.824628684420059e-16
-1.1251030326921104e-16
5.4825051283113175e-17
